       weight_2022  citax_2022 Net_Income_2022 weight_ref_2022 citax_ref_2022 Net_Income_ref_2022 weight_ref_2023 citax_ref_2023 Net_Income_ref_2023 weight_ref_2024 citax_ref_2024 Net_Income_ref_2024 weight_ref_2025 citax_ref_2025 Net_Income_ref_2025 weight_ref_2026 citax_ref_2026 Net_Income_ref_2026 weight_ref_2027 citax_ref_2027 Net_Income_ref_2027 weight_ref_2028 citax_ref_2028 Net_Income_ref_2028 weight_ref_2029 citax_ref_2029 Net_Income_ref_2029 weight_ref_2030 citax_ref_2030 Net_Income_ref_2030
0-10n          -99           0               0             -99              0                   0             -99              0                   0             -99              0                   0             -99              0                   0             -99              0                   0             -99              0                   0             -99              0                   0             -99              0                   0             -99              0                   0
0-10z          -99           0               0             -99              0                   0             -99              0                   0             -99              0                   0             -99              0                   0             -99              0                   0             -99              0                   0             -99              0                   0             -99              0                   0             -99              0                   0
0-10p       13,374           0        -833,166          13,374              0            -833,166          13,374              0            -833,166          13,374              0            -833,166          13,374              0            -833,166          13,374              0            -833,166          13,374              0            -833,166          13,374              0            -833,166          13,374              0            -833,166          13,374              0            -833,166
10-20       13,375         133           3,452          13,375            133               3,452          13,375            133               3,452          13,375            133               3,452          13,375            133               3,452          13,375            133               3,452          13,375            133               3,452          13,375            133               3,452          13,375            133               3,452          13,375            133               3,452
20-30       13,375       3,941          37,065          13,375          3,941              37,065          13,375          3,941              37,065          13,375          3,941              37,065          13,375          3,941              37,065          13,375          3,941              37,065          13,375          3,941              37,065          13,375          3,941              37,065          13,375          3,941              37,065          13,375          3,941              37,065
30-40       13,375       9,929          67,290          13,375          9,929              67,290          13,375          9,929              67,290          13,375          9,929              67,290          13,375          9,929              67,290          13,375          9,929              67,290          13,375          9,929              67,290          13,375          9,929              67,290          13,375          9,929              67,290          13,375          9,929              67,290
40-50       13,375      16,771          94,546          13,375         16,771              94,546          13,375         16,771              94,546          13,375         16,771              94,546          13,375         16,771              94,546          13,375         16,771              94,546          13,375         16,771              94,546          13,375         16,771              94,546          13,375         16,771              94,546          13,375         16,771              94,546
50-60       13,375      26,064         126,187          13,375         26,064             126,187          13,375         26,064             126,187          13,375         26,064             126,187          13,375         26,064             126,187          13,375         26,064             126,187          13,375         26,064             126,187          13,375         26,064             126,187          13,375         26,064             126,187          13,375         26,064             126,187
60-70       13,375      40,790         169,932          13,375         40,790             169,932          13,375         40,790             169,932          13,375         40,790             169,932          13,375         40,790             169,932          13,375         40,790             169,932          13,375         40,790             169,932          13,375         40,790             169,932          13,375         40,790             169,932          13,375         40,790             169,932
70-80       13,375      69,209         253,408          13,375         69,209             253,408          13,375         69,209             253,408          13,375         69,209             253,408          13,375         69,209             253,408          13,375         69,209             253,408          13,375         69,209             253,408          13,375         69,209             253,408          13,375         69,209             253,408          13,375         69,209             253,408
80-90       13,375     150,969         491,929          13,375        150,969             491,929          13,375        150,969             491,929          13,375        150,969             491,929          13,375        150,969             491,929          13,375        150,969             491,929          13,375        150,969             491,929          13,375        150,969             491,929          13,375        150,969             491,929          13,375        150,969             491,929
90-100      13,375   1,646,823       4,843,871          13,375      1,646,823           4,843,871          13,375      1,646,823           4,843,871          13,375      1,646,823           4,843,871          13,375      1,646,823           4,843,871          13,375      1,646,823           4,843,871          13,375      1,646,823           4,843,871          13,375      1,646,823           4,843,871          13,375      1,646,823           4,843,871          13,375      1,646,823           4,843,871
ALL        133,749     196,464         525,461         133,749        196,464             525,461         133,749        196,464             525,461         133,749        196,464             525,461         133,749        196,464             525,461         133,749        196,464             525,461         133,749        196,464             525,461         133,749        196,464             525,461         133,749        196,464             525,461         133,749        196,464             525,461
90-95        6,687     371,618       1,133,416           6,687        371,618           1,133,416           6,687        371,618           1,133,416           6,687        371,618           1,133,416           6,687        371,618           1,133,416           6,687        371,618           1,133,416           6,687        371,618           1,133,416           6,687        371,618           1,133,416           6,687        371,618           1,133,416           6,687        371,618           1,133,416
95-99        5,350   1,144,937       3,377,162           5,350      1,144,937           3,377,162           5,350      1,144,937           3,377,162           5,350      1,144,937           3,377,162           5,350      1,144,937           3,377,162           5,350      1,144,937           3,377,162           5,350      1,144,937           3,377,162           5,350      1,144,937           3,377,162           5,350      1,144,937           3,377,162           5,350      1,144,937           3,377,162
Top 1%       1,338  10,026,791      29,252,466           1,338     10,026,791          29,252,466           1,338     10,026,791          29,252,466           1,338     10,026,791          29,252,466           1,338     10,026,791          29,252,466           1,338     10,026,791          29,252,466           1,338     10,026,791          29,252,466           1,338     10,026,791          29,252,466           1,338     10,026,791          29,252,466           1,338     10,026,791          29,252,466

