         weight_2022 citax_2022 Net_Income_2022 weight_ref_2022 citax_ref_2022 Net_Income_ref_2022 weight_ref_2023 citax_ref_2023 Net_Income_ref_2023 weight_ref_2024 citax_ref_2024 Net_Income_ref_2024 weight_ref_2025 citax_ref_2025 Net_Income_ref_2025 weight_ref_2026 citax_ref_2026 Net_Income_ref_2026 weight_ref_2027 citax_ref_2027 Net_Income_ref_2027 weight_ref_2028 citax_ref_2028 Net_Income_ref_2028 weight_ref_2029 citax_ref_2029 Net_Income_ref_2029 weight_ref_2030 citax_ref_2030 Net_Income_ref_2030
<0            4645.0          0         -11,143          4645.0              0             -11,143          4645.0              0             -11,143          4645.0              0             -11,143          4645.0              0             -11,143          4645.0              0             -11,143          4645.0              0             -11,143          4645.0              0             -11,143          4645.0              0             -11,143          4645.0              0             -11,143
=0           17506.0          0              -0         17506.0              0                  -0         17506.0              0                  -0         17506.0              0                  -0         17506.0              0                  -0         17506.0              0                  -0         17506.0              0                  -0         17506.0              0                  -0         17506.0              0                  -0         17506.0              0                  -0
0-5m        109353.0     10,907          36,581        109353.0         10,907              36,581        109353.0         10,907              36,581        109353.0         10,907              36,581        109353.0         10,907              36,581        109353.0         10,907              36,581        109353.0         10,907              36,581        109353.0         10,907              36,581        109353.0         10,907              36,581        109353.0         10,907              36,581
5-10m         1219.0      2,896           8,464          1219.0          2,896               8,464          1219.0          2,896               8,464          1219.0          2,896               8,464          1219.0          2,896               8,464          1219.0          2,896               8,464          1219.0          2,896               8,464          1219.0          2,896               8,464          1219.0          2,896               8,464          1219.0          2,896               8,464
10-15m         378.0      1,577           4,646           378.0          1,577               4,646           378.0          1,577               4,646           378.0          1,577               4,646           378.0          1,577               4,646           378.0          1,577               4,646           378.0          1,577               4,646           378.0          1,577               4,646           378.0          1,577               4,646           378.0          1,577               4,646
15-20m         213.0      1,252           3,650           213.0          1,252               3,650           213.0          1,252               3,650           213.0          1,252               3,650           213.0          1,252               3,650           213.0          1,252               3,650           213.0          1,252               3,650           213.0          1,252               3,650           213.0          1,252               3,650           213.0          1,252               3,650
20-30m         193.0      1,606           4,699           193.0          1,606               4,699           193.0          1,606               4,699           193.0          1,606               4,699           193.0          1,606               4,699           193.0          1,606               4,699           193.0          1,606               4,699           193.0          1,606               4,699           193.0          1,606               4,699           193.0          1,606               4,699
30-40m          72.0        834           2,454            72.0            834               2,454            72.0            834               2,454            72.0            834               2,454            72.0            834               2,454            72.0            834               2,454            72.0            834               2,454            72.0            834               2,454            72.0            834               2,454            72.0            834               2,454
40-50m          38.0        599           1,715            38.0            599               1,715            38.0            599               1,715            38.0            599               1,715            38.0            599               1,715            38.0            599               1,715            38.0            599               1,715            38.0            599               1,715            38.0            599               1,715            38.0            599               1,715
50-100m         74.0      1,748           5,073            74.0          1,748               5,073            74.0          1,748               5,073            74.0          1,748               5,073            74.0          1,748               5,073            74.0          1,748               5,073            74.0          1,748               5,073            74.0          1,748               5,073            74.0          1,748               5,073            74.0          1,748               5,073
100-500m        53.0      3,092           9,099            53.0          3,092               9,099            53.0          3,092               9,099            53.0          3,092               9,099            53.0          3,092               9,099            53.0          3,092               9,099            53.0          3,092               9,099            53.0          3,092               9,099            53.0          3,092               9,099            53.0          3,092               9,099
500m-1bn         4.0        832           2,377             4.0            832               2,377             4.0            832               2,377             4.0            832               2,377             4.0            832               2,377             4.0            832               2,377             4.0            832               2,377             4.0            832               2,377             4.0            832               2,377             4.0            832               2,377
>1bn             1.0        932           2,663             1.0            932               2,663             1.0            932               2,663             1.0            932               2,663             1.0            932               2,663             1.0            932               2,663             1.0            932               2,663             1.0            932               2,663             1.0            932               2,663             1.0            932               2,663
ALL         133749.0     26,277          70,280        133749.0         26,277              70,280        133749.0         26,277              70,280        133749.0         26,277              70,280        133749.0         26,277              70,280        133749.0         26,277              70,280        133749.0         26,277              70,280        133749.0         26,277              70,280        133749.0         26,277              70,280        133749.0         26,277              70,280

