       weight_2022 pitax_2022 gross_income_2022 weight_ref_2022 pitax_ref_2022 gross_income_ref_2022 weight_ref_2023 pitax_ref_2023 gross_income_ref_2023 weight_ref_2024 pitax_ref_2024 gross_income_ref_2024 weight_ref_2025 pitax_ref_2025 gross_income_ref_2025 weight_ref_2026 pitax_ref_2026 gross_income_ref_2026 weight_ref_2027 pitax_ref_2027 gross_income_ref_2027 weight_ref_2028 pitax_ref_2028 gross_income_ref_2028 weight_ref_2029 pitax_ref_2029 gross_income_ref_2029 weight_ref_2030 pitax_ref_2030 gross_income_ref_2030
0-10n          -99          0                 0             -99              0                     0             -99              0                     0             -99              0                     0             -99              0                     0             -99              0                     0             -99              0                     0             -99              0                     0             -99              0                     0             -99              0                     0
0-10z          -99          0                 0             -99              0                     0             -99              0                     0             -99              0                     0             -99              0                     0             -99              0                     0             -99              0                     0             -99              0                     0             -99              0                     0             -99              0                     0
0-10p      812,996          0             1,650         812,996              0                 1,650       1,056,894              0                 1,650       1,374,100              0                 1,650       1,786,151              0                 1,650       2,321,997              0                 1,650       3,018,898              0                 1,650       3,924,175              0                 1,650       5,101,937              0                 1,650       6,631,855              0                 1,650
10-20      813,077          1             5,423         813,077              1                 5,423       1,057,000              1                 5,423       1,374,100              1                 5,423       1,786,330              1                 5,423       2,322,229              1                 5,423       3,018,898              1                 5,423       3,924,567              1                 5,423       5,101,937              1                 5,423       6,632,518              1                 5,423
20-30      813,077        265             9,846         813,077            265                 9,846       1,057,000            265                 9,846       1,374,100            265                 9,846       1,786,330            265                 9,846       2,322,229            265                 9,846       3,018,898            265                 9,846       3,924,959            265                 9,846       5,101,937            265                 9,846       6,632,518            265                 9,846
30-40      813,077        768            14,879         813,077            768                14,879       1,057,000            768                14,879       1,374,100            768                14,880       1,786,330            768                14,879       2,322,229            768                14,879       3,018,898            768                14,880       3,924,567            768                14,880       5,101,937            768                14,880       6,632,518            768                14,879
40-50      813,077      1,517            21,412         813,077          1,517                21,412       1,057,000          1,517                21,412       1,374,100          1,517                21,413       1,786,330          1,517                21,412       2,322,229          1,517                21,412       3,018,898          1,517                21,413       3,924,567          1,517                21,413       5,101,937          1,517                21,413       6,632,518          1,517                21,412
50-60      813,077      2,855            30,435         813,077          2,855                30,435       1,057,000          2,855                30,435       1,374,100          2,855                30,436       1,786,330          2,855                30,435       2,322,229          2,855                30,435       3,018,898          2,855                30,436       3,924,567          2,855                30,436       5,101,937          2,855                30,436       6,632,518          2,855                30,435
60-70      813,077      4,945            42,818         813,077          4,945                42,818       1,057,000          4,945                42,818       1,374,100          4,945                42,819       1,786,330          4,945                42,818       2,322,229          4,945                42,818       3,018,898          4,945                42,819       3,924,567          4,945                42,819       5,101,937          4,945                42,819       6,632,518          4,945                42,818
70-80      813,077      8,418            59,908         813,077          8,418                59,908       1,057,000          8,418                59,908       1,374,100          8,418                59,910       1,786,509          8,418                59,909       2,322,229          8,418                59,908       3,018,898          8,418                59,910       3,924,567          8,418                59,910       5,101,937          8,418                59,910       6,632,518          8,418                59,908
80-90      813,077     15,310            87,852         813,077         15,310                87,852       1,057,000         15,310                87,852       1,374,100         15,311                87,855       1,786,330         15,311                87,855       2,322,229         15,310                87,852       3,018,898         15,311                87,855       3,924,567         15,311                87,855       5,101,937         15,311                87,855       6,632,518         15,310                87,852
90-100     813,158     70,110           251,342         813,158         70,110               251,342       1,057,106         70,110               251,342       1,374,100         70,114               251,356       1,786,330         70,114               251,356       2,322,461         70,110               251,342       3,018,898         70,114               251,356       3,924,567         70,114               251,356       5,101,937         70,114               251,356       6,633,181         70,110               251,342
ALL      8,130,769     10,419            52,559       8,130,769         10,419                52,559      10,570,000         10,419                52,559      13,741,000         10,419                52,559      17,863,300         10,419                52,559      23,222,290         10,419                52,559      30,188,977         10,419                52,559      39,245,670         10,419                52,559      51,019,371         10,419                52,559      66,325,182         10,419                52,559
90-95      406,538     28,444           131,898         406,538         28,444               131,898         528,500         28,444               131,898         687,050         28,448               131,908         893,165         28,448               131,908       1,161,114         28,444               131,898       1,509,449         28,448               131,908       1,962,284         28,448               131,908       2,550,969         28,448               131,908       3,316,259         28,444               131,898
95-99      325,231     62,516           230,045         325,231         62,516               230,045         422,800         62,516               230,045         549,640         62,538               230,109         714,532         62,538               230,109         928,892         62,516               230,045       1,207,559         62,538               230,109       1,569,827         62,538               230,109       2,040,775         62,538               230,109       2,653,007         62,516               230,045
Top 1%      81,389    308,573           933,065          81,389        308,573               933,065         105,806        308,573               933,065         137,410        308,754               933,584         178,633        308,754               933,584         232,455        308,573               933,065         301,890        308,754               933,584         392,457        308,754               933,584         510,194        308,754               933,584         663,915        308,573               933,065

