        weight_2022   pitax_2022 gross_income_2022 weight_ref_2022 pitax_ref_2022 gross_income_ref_2022  weight_ref_2023 pitax_ref_2023 gross_income_ref_2023  weight_ref_2024 pitax_ref_2024 gross_income_ref_2024  weight_ref_2025 pitax_ref_2025 gross_income_ref_2025  weight_ref_2026 pitax_ref_2026 gross_income_ref_2026  weight_ref_2027 pitax_ref_2027 gross_income_ref_2027  weight_ref_2028 pitax_ref_2028 gross_income_ref_2028  weight_ref_2029 pitax_ref_2029 gross_income_ref_2029  weight_ref_2030 pitax_ref_2030 gross_income_ref_2030     ETR ETR_ref
0       81,226.3846       0.0000           14.0000     81,226.3846         0.0000               14.0000     105,594.3000         0.0000               18.0000     137,410.0000         0.0000               24.0000     178,454.3670         0.0000               31.0000     231,990.6771         0.0000               40.0000     301,889.7700         0.0000               52.0000     392,456.7010         0.0000               68.0000     510,193.7113         0.0000               88.0000     662,588.5729         0.0000              114.0000  0.0000  0.0000
1       81,307.6923       0.0000           47.0000     81,307.6923         0.0000               47.0000     105,700.0000         0.0000               61.0000     137,410.0000         0.0000               79.0000     178,633.0000         0.0000              103.0000     232,222.9000         0.0000              134.0000     301,889.7700         0.0000              174.0000     392,456.7010         0.0000              226.0000     510,193.7113         0.0000              294.0000     663,251.8247         0.0000              382.0000  0.0000  0.0000
2       81,307.6923       0.0000           71.0000     81,307.6923         0.0000               71.0000     105,700.0000         0.0000               93.0000     137,410.0000         0.0000              121.0000     178,633.0000         0.0000              157.0000     232,222.9000         0.0000              204.0000     301,889.7700         0.0000              265.0000     392,456.7010         0.0000              345.0000     510,193.7113         0.0000              449.0000     663,251.8247         0.0000              583.0000  0.0000  0.0000
3       81,307.6923       0.0000           94.0000     81,307.6923         0.0000               94.0000     105,700.0000         0.0000              123.0000     137,410.0000         0.0000              159.0000     178,633.0000         0.0000              207.0000     232,222.9000         0.0000              269.0000     301,889.7700         0.0000              350.0000     392,456.7010         0.0000              455.0000     510,193.7113         0.0000              592.0000     663,251.8247         0.0000              769.0000  0.0000  0.0000
4       81,307.6923       0.0000          118.0000     81,307.6923         0.0000              118.0000     105,700.0000         0.0000              153.0000     137,410.0000         0.0000              199.0000     178,633.0000         0.0000              258.0000     232,222.9000         0.0000              336.0000     301,889.7700         0.0000              437.0000     392,456.7010         0.0000              568.0000     510,193.7113         0.0000              738.0000     663,251.8247         0.0000              960.0000  0.0000  0.0000
5       81,307.6923       0.0000          142.0000     81,307.6923         0.0000              142.0000     105,700.0000         0.0000              185.0000     137,410.0000         0.0000              240.0000     178,633.0000         0.0000              312.0000     232,222.9000         0.0000              406.0000     301,889.7700         0.0000              527.0000     392,456.7010         0.0000              686.0000     510,193.7113         0.0000              891.0000     663,251.8247         0.0000            1,158.0000  0.0000  0.0000
6       81,307.6923       0.0000          169.0000     81,307.6923         0.0000              169.0000     105,700.0000         0.0000              219.0000     137,410.0000         0.0000              285.0000     178,633.0000         0.0000              371.0000     232,222.9000         0.0000              482.0000     301,889.7700         0.0000              626.0000     392,064.2443         0.0000              814.0000     510,193.7113         0.0000            1,059.0000     663,251.8247         0.0000            1,376.0000  0.0000  0.0000
7       81,307.6923       0.0000          198.0000     81,307.6923         0.0000              198.0000     105,700.0000         0.0000              257.0000     137,410.0000         0.0000              335.0000     178,633.0000         0.0000              435.0000     232,222.9000         0.0000              565.0000     301,889.7700         0.0000              735.0000     392,456.7010         0.0000              955.0000     510,193.7113         0.0000            1,242.0000     663,251.8247         0.0000            1,615.0000  0.0000  0.0000
8       81,307.6923       0.0000          229.0000     81,307.6923         0.0000              229.0000     105,700.0000         0.0000              298.0000     137,410.0000         0.0000              387.0000     178,633.0000         0.0000              503.0000     232,222.9000         0.0000              654.0000     301,889.7700         0.0000              850.0000     392,456.7010         0.0000            1,105.0000     510,193.7113         0.0000            1,436.0000     663,251.8247         0.0000            1,867.0000  0.0000  0.0000
9       81,307.6923       0.0000          260.0000     81,307.6923         0.0000              260.0000     105,700.0000         0.0000              338.0000     137,410.0000         0.0000              439.0000     178,633.0000         0.0000              571.0000     232,222.9000         0.0000              742.0000     301,889.7700         0.0000              964.0000     392,456.7010         0.0000            1,254.0000     510,193.7113         0.0000            1,630.0000     663,251.8247         0.0000            2,119.0000  0.0000  0.0000
10      81,307.6923       0.0000          291.0000     81,307.6923         0.0000              291.0000     105,700.0000         0.0000              379.0000     137,410.0000         0.0000              493.0000     178,633.0000         0.0000              640.0000     232,222.9000         0.0000              832.0000     301,889.7700         0.0000            1,082.0000     392,456.7010         0.0000            1,407.0000     510,193.7113         0.0000            1,829.0000     663,251.8247         0.0000            2,377.0000  0.0000  0.0000
11      81,307.6923       0.0000          323.0000     81,307.6923         0.0000              323.0000     105,700.0000         0.0000              420.0000     137,410.0000         0.0000              545.0000     178,633.0000         0.0000              709.0000     232,222.9000         0.0000              922.0000     301,889.7700         0.0000            1,198.0000     392,456.7010         0.0000            1,558.0000     510,193.7113         0.0000            2,025.0000     663,251.8247         0.0000            2,633.0000  0.0000  0.0000
12      81,307.6923       0.0000          354.0000     81,307.6923         0.0000              354.0000     105,700.0000         0.0000              461.0000     137,410.0000         0.0000              599.0000     178,633.0000         0.0000              778.0000     232,222.9000         0.0000            1,012.0000     301,889.7700         0.0000            1,315.0000     392,456.7010         0.0000            1,710.0000     510,193.7113         0.0000            2,223.0000     663,251.8247         0.0000            2,890.0000  0.0000  0.0000
13      81,307.6923       0.0000          389.0000     81,307.6923         0.0000              389.0000     105,700.0000         0.0000              505.0000     137,410.0000         0.0000              657.0000     178,633.0000         0.0000              854.0000     232,222.9000         0.0000            1,110.0000     301,889.7700         0.0000            1,444.0000     392,456.7010         0.0000            1,877.0000     510,193.7113         0.0000            2,440.0000     663,251.8247         0.0000            3,171.0000  0.0000  0.0000
14      81,307.6923       0.0000          422.0000     81,307.6923         0.0000              422.0000     105,700.0000         0.0000              549.0000     137,410.0000         0.0000              714.0000     178,633.0000         0.0000              928.0000     232,222.9000         0.0000            1,206.0000     301,889.7700         0.0000            1,569.0000     392,456.7010         0.0000            2,039.0000     510,193.7113         0.0000            2,651.0000     663,251.8247         0.0000            3,446.0000  0.0000  0.0000
15      81,307.6923       0.0000          457.0000     81,307.6923         0.0000              457.0000     105,700.0000         0.0000              594.0000     137,410.0000         0.0000              772.0000     178,633.0000         0.0000            1,004.0000     232,222.9000         0.0000            1,305.0000     301,889.7700         0.0000            1,697.0000     392,456.7010         0.0000            2,206.0000     510,193.7113         0.0000            2,868.0000     663,251.8247         0.0000            3,728.0000  0.0000  0.0000
16      81,307.6923       0.0000          491.0000     81,307.6923         0.0000              491.0000     105,700.0000         0.0000              638.0000     137,410.0000         0.0000              830.0000     178,633.0000         0.0000            1,078.0000     232,222.9000         0.0000            1,402.0000     301,889.7700         0.0000            1,823.0000     392,456.7010         0.0000            2,369.0000     510,193.7113         0.0000            3,080.0000     663,251.8247         0.0000            4,004.0000  0.0000  0.0000
17      81,307.6923       0.0000          525.0000     81,307.6923         0.0000              525.0000     105,700.0000         0.0000              683.0000     137,410.0000         0.0000              888.0000     178,633.0000         0.0000            1,154.0000     232,222.9000         0.0000            1,501.0000     301,889.7700         0.0000            1,951.0000     392,456.7010         0.0000            2,536.0000     510,193.7113         0.0000            3,297.0000     663,251.8247         0.0000            4,286.0000  0.0000  0.0000
18      81,307.6923       0.0000          560.0000     81,307.6923         0.0000              560.0000     105,700.0000         0.0000              728.0000     137,410.0000         0.0000              947.0000     178,633.0000         0.0000            1,231.0000     232,222.9000         0.0000            1,600.0000     301,889.7700         0.0000            2,080.0000     392,456.7010         0.0000            2,703.0000     510,193.7113         0.0000            3,515.0000     663,251.8247         0.0000            4,569.0000  0.0000  0.0000
19      81,307.6923       1.0000          596.0000     81,307.6923         1.0000              596.0000     105,700.0000         1.0000              775.0000     137,410.0000         2.0000            1,007.0000     178,633.0000         2.0000            1,309.0000     232,222.9000         3.0000            1,702.0000     301,889.7700         4.0000            2,213.0000     392,456.7010         5.0000            2,876.0000     510,193.7113         7.0000            3,739.0000     663,251.8247         9.0000            4,861.0000  0.0017  0.0017
20      81,307.6923       5.0000          633.0000     81,307.6923         5.0000              633.0000     105,700.0000         6.0000              823.0000     137,410.0000         8.0000            1,070.0000     178,633.0000        10.0000            1,391.0000     232,222.9000        14.0000            1,808.0000     301,889.7700        18.0000            2,351.0000     392,456.7010        23.0000            3,056.0000     510,193.7113        30.0000            3,972.0000     663,251.8247        39.0000            5,164.0000  0.0079  0.0079
21      81,307.6923       9.0000          671.0000     81,307.6923         9.0000              671.0000     105,700.0000        11.0000              872.0000     137,410.0000        14.0000            1,134.0000     178,633.0000        19.0000            1,474.0000     232,222.9000        24.0000            1,916.0000     301,889.7700        32.0000            2,491.0000     392,456.7010        41.0000            3,238.0000     510,193.7113        54.0000            4,210.0000     663,251.8247        70.0000            5,473.0000  0.0134  0.0134
22      81,307.6923      12.0000          707.0000     81,307.6923        12.0000              707.0000     105,700.0000        16.0000              919.0000     137,410.0000        21.0000            1,195.0000     178,633.0000        27.0000            1,554.0000     232,222.9000        35.0000            2,020.0000     301,889.7700        45.0000            2,626.0000     392,456.7010        59.0000            3,413.0000     510,193.7113        76.0000            4,438.0000     663,251.8247        99.0000            5,768.0000  0.0170  0.0170
23      81,307.6923      16.0000          745.0000     81,307.6923        16.0000              745.0000     105,700.0000        21.0000              968.0000     137,410.0000        27.0000            1,259.0000     178,633.0000        35.0000            1,637.0000     232,222.9000        46.0000            2,128.0000     301,889.7700        59.0000            2,766.0000     392,456.7010        77.0000            3,596.0000     510,193.7113       100.0000            4,674.0000     663,251.8247       130.0000            6,076.0000  0.0215  0.0215
24      81,307.6923      20.0000          781.0000     81,307.6923        20.0000              781.0000     105,700.0000        25.0000            1,016.0000     137,410.0000        33.0000            1,320.0000     178,633.0000        43.0000            1,716.0000     232,222.9000        56.0000            2,231.0000     301,889.7700        73.0000            2,901.0000     392,456.7010        95.0000            3,771.0000     510,193.7113       123.0000            4,903.0000     663,251.8247       160.0000            6,373.0000  0.0256  0.0256
25      81,307.6923      23.0000          818.0000     81,307.6923        23.0000              818.0000     105,700.0000        30.0000            1,063.0000     137,410.0000        39.0000            1,382.0000     178,633.0000        51.0000            1,797.0000     232,222.9000        66.0000            2,336.0000     301,889.7700        86.0000            3,037.0000     392,849.1577       112.0000            3,952.0000     510,193.7113       146.0000            5,132.0000     663,251.8247       190.0000            6,672.0000  0.0281  0.0281
26      81,307.6923      27.0000          855.0000     81,307.6923        27.0000              855.0000     105,700.0000        35.0000            1,112.0000     137,410.0000        46.0000            1,446.0000     178,633.0000        59.0000            1,879.0000     232,222.9000        77.0000            2,443.0000     301,889.7700       100.0000            3,176.0000     392,456.7010       130.0000            4,129.0000     510,193.7113       169.0000            5,367.0000     663,251.8247       220.0000            6,977.0000  0.0316  0.0316
27      81,307.6923      31.0000          893.0000     81,307.6923        31.0000              893.0000     105,700.0000        40.0000            1,162.0000     137,410.0000        52.0000            1,510.0000     178,633.0000        68.0000            1,963.0000     232,222.9000        88.0000            2,552.0000     301,889.7700       114.0000            3,318.0000     392,456.7010       149.0000            4,313.0000     510,193.7113       193.0000            5,607.0000     663,251.8247       251.0000            7,288.0000  0.0347  0.0347
28      81,307.6923      35.0000          931.0000     81,307.6923        35.0000              931.0000     105,700.0000        45.0000            1,211.0000     137,410.0000        58.0000            1,574.0000     178,633.0000        76.0000            2,046.0000     232,222.9000        99.0000            2,660.0000     301,889.7700       128.0000            3,458.0000     392,456.7010       167.0000            4,496.0000     510,193.7113       217.0000            5,845.0000     663,251.8247       282.0000            7,598.0000  0.0376  0.0376
29      81,307.6923      38.0000          970.0000     81,307.6923        38.0000              970.0000     105,700.0000        50.0000            1,261.0000     137,410.0000        65.0000            1,639.0000     178,633.0000        84.0000            2,131.0000     232,222.9000       110.0000            2,770.0000     301,889.7700       143.0000            3,602.0000     392,456.7010       186.0000            4,682.0000     510,193.7113       241.0000            6,087.0000     663,251.8247       314.0000            7,913.0000  0.0392  0.0392
30      81,307.6923      43.0000        1,011.0000     81,307.6923        43.0000            1,011.0000     105,700.0000        55.0000            1,314.0000     137,410.0000        72.0000            1,708.0000     178,633.0000        93.0000            2,221.0000     232,222.9000       121.0000            2,887.0000     301,889.7700       158.0000            3,753.0000     392,456.7010       205.0000            4,879.0000     510,193.7113       267.0000            6,343.0000     663,251.8247       347.0000            8,245.0000  0.0425  0.0425
31      81,307.6923      47.0000        1,052.0000     81,307.6923        47.0000            1,052.0000     105,700.0000        61.0000            1,368.0000     137,410.0000        79.0000            1,779.0000     178,633.0000       103.0000            2,312.0000     232,222.9000       133.0000            3,006.0000     301,889.7700       173.0000            3,907.0000     392,456.7010       225.0000            5,080.0000     510,193.7113       293.0000            6,604.0000     663,251.8247       381.0000            8,584.0000  0.0447  0.0447
32      81,307.6923      51.0000        1,095.0000     81,307.6923        51.0000            1,095.0000     105,700.0000        66.0000            1,424.0000     137,410.0000        86.0000            1,851.0000     178,633.0000       112.0000            2,406.0000     232,222.9000       146.0000            3,128.0000     301,889.7700       189.0000            4,067.0000     392,456.7010       246.0000            5,287.0000     510,193.7113       320.0000            6,873.0000     663,251.8247       416.0000            8,934.0000  0.0466  0.0466
33      81,307.6923      55.0000        1,136.0000     81,307.6923        55.0000            1,136.0000     105,700.0000        72.0000            1,477.0000     137,410.0000        93.0000            1,921.0000     178,633.0000       121.0000            2,497.0000     232,222.9000       157.0000            3,246.0000     301,889.7700       205.0000            4,220.0000     392,456.7010       266.0000            5,485.0000     510,193.7113       346.0000            7,131.0000     663,251.8247       449.0000            9,270.0000  0.0484  0.0484
34      81,307.6923      59.0000        1,179.0000     81,307.6923        59.0000            1,179.0000     105,700.0000        77.0000            1,533.0000     137,410.0000       100.0000            1,993.0000     178,633.0000       130.0000            2,591.0000     232,222.9000       170.0000            3,368.0000     301,889.7700       221.0000            4,379.0000     392,456.7010       287.0000            5,693.0000     510,193.7113       373.0000            7,401.0000     663,251.8247       485.0000            9,620.0000  0.0500  0.0500
35      81,307.6923      64.0000        1,228.0000     81,307.6923        64.0000            1,228.0000     105,700.0000        83.0000            1,596.0000     137,410.0000       109.0000            2,075.0000     178,633.0000       141.0000            2,697.0000     232,222.9000       183.0000            3,506.0000     301,889.7700       238.0000            4,558.0000     392,456.7010       310.0000            5,926.0000     510,193.7113       403.0000            7,703.0000     663,251.8247       524.0000           10,014.0000  0.0521  0.0521
36      81,307.6923      69.0000        1,276.0000     81,307.6923        69.0000            1,276.0000     105,700.0000        90.0000            1,659.0000     137,410.0000       117.0000            2,157.0000     178,633.0000       152.0000            2,804.0000     232,222.9000       197.0000            3,645.0000     301,889.7700       257.0000            4,739.0000     392,456.7010       333.0000            6,161.0000     510,193.7113       434.0000            8,009.0000     663,251.8247       564.0000           10,411.0000  0.0541  0.0541
37      81,307.6923      74.0000        1,324.0000     81,307.6923        74.0000            1,324.0000     105,700.0000        96.0000            1,721.0000     137,410.0000       125.0000            2,238.0000     178,633.0000       162.0000            2,909.0000     232,222.9000       211.0000            3,781.0000     301,889.7700       274.0000            4,916.0000     392,456.7010       357.0000            6,391.0000     510,193.7113       463.0000            8,308.0000     663,251.8247       602.0000           10,800.0000  0.0559  0.0559
38      81,307.6923      79.0000        1,372.0000     81,307.6923        79.0000            1,372.0000     105,700.0000       102.0000            1,784.0000     137,410.0000       133.0000            2,319.0000     178,633.0000       173.0000            3,015.0000     232,222.9000       225.0000            3,919.0000     301,889.7700       292.0000            5,095.0000     392,456.7010       380.0000            6,624.0000     510,193.7113       494.0000            8,611.0000     663,251.8247       642.0000           11,194.0000  0.0576  0.0576
39      81,307.6923      84.0000        1,424.0000     81,307.6923        84.0000            1,424.0000     105,700.0000       109.0000            1,851.0000     137,410.0000       142.0000            2,406.0000     178,633.0000       184.0000            3,128.0000     232,222.9000       239.0000            4,066.0000     301,889.7700       311.0000            5,286.0000     392,456.7010       405.0000            6,872.0000     510,193.7113       526.0000            8,933.0000     663,251.8247       684.0000           11,613.0000  0.0590  0.0590
40      81,307.6923      89.0000        1,476.0000     81,307.6923        89.0000            1,476.0000     105,700.0000       116.0000            1,919.0000     137,410.0000       151.0000            2,495.0000     178,633.0000       196.0000            3,244.0000     232,222.9000       254.0000            4,217.0000     301,889.7700       331.0000            5,482.0000     392,456.7010       430.0000            7,126.0000     510,193.7113       559.0000            9,264.0000     663,251.8247       727.0000           12,043.0000  0.0603  0.0603
41      81,307.6923      94.0000        1,530.0000     81,307.6923        94.0000            1,530.0000     105,700.0000       123.0000            1,989.0000     137,410.0000       160.0000            2,586.0000     178,633.0000       207.0000            3,361.0000     232,222.9000       270.0000            4,369.0000     301,889.7700       351.0000            5,680.0000     392,456.7010       456.0000            7,385.0000     510,193.7113       593.0000            9,600.0000     663,251.8247       770.0000           12,480.0000  0.0614  0.0614
42      81,307.6923     100.0000        1,584.0000     81,307.6923       100.0000            1,584.0000     105,700.0000       130.0000            2,060.0000     137,410.0000       169.0000            2,678.0000     178,633.0000       219.0000            3,481.0000     232,222.9000       285.0000            4,525.0000     301,889.7700       371.0000            5,883.0000     392,456.7010       482.0000            7,647.0000     510,193.7113       627.0000            9,941.0000     663,251.8247       815.0000           12,923.0000  0.0631  0.0631
43      81,307.6923     108.0000        1,644.0000     81,307.6923       108.0000            1,644.0000     105,700.0000       140.0000            2,137.0000     137,410.0000       182.0000            2,778.0000     178,633.0000       236.0000            3,611.0000     232,222.9000       307.0000            4,694.0000     301,889.7700       399.0000            6,103.0000     392,456.7010       519.0000            7,934.0000     510,193.7113       675.0000           10,314.0000     663,251.8247       877.0000           13,408.0000  0.0657  0.0657
44      81,307.6923     116.0000        1,703.0000     81,307.6923       116.0000            1,703.0000     105,700.0000       151.0000            2,215.0000     137,410.0000       197.0000            2,879.0000     178,633.0000       256.0000            3,743.0000     232,222.9000       333.0000            4,865.0000     301,889.7700       433.0000            6,325.0000     392,456.7010       562.0000            8,223.0000     510,193.7113       731.0000           10,689.0000     663,251.8247       950.0000           13,896.0000  0.0681  0.0681
45      81,307.6923     126.0000        1,764.0000     81,307.6923       126.0000            1,764.0000     105,700.0000       163.0000            2,293.0000     137,410.0000       212.0000            2,981.0000     178,633.0000       276.0000            3,876.0000     232,222.9000       359.0000            5,038.0000     301,889.7700       466.0000            6,550.0000     392,456.7010       606.0000            8,515.0000     510,193.7113       788.0000           11,069.0000     663,251.8247     1,024.0000           14,389.0000  0.0714  0.0714
46      81,307.6923     135.0000        1,829.0000     81,307.6923       135.0000            1,829.0000     105,700.0000       176.0000            2,377.0000     137,410.0000       229.0000            3,090.0000     178,633.0000       297.0000            4,017.0000     232,222.9000       386.0000            5,222.0000     301,889.7700       502.0000            6,789.0000     392,456.7010       653.0000            8,826.0000     510,193.7113       849.0000           11,474.0000     663,251.8247     1,103.0000           14,916.0000  0.0738  0.0738
47      81,307.6923     145.0000        1,892.0000     81,307.6923       145.0000            1,892.0000     105,700.0000       188.0000            2,460.0000     137,410.0000       245.0000            3,198.0000     178,633.0000       318.0000            4,158.0000     232,222.9000       414.0000            5,405.0000     301,889.7700       538.0000            7,027.0000     392,456.7010       699.0000            9,135.0000     510,193.7113       909.0000           11,875.0000     663,251.8247     1,181.0000           15,437.0000  0.0766  0.0766
48      81,307.6923     155.0000        1,959.0000     81,307.6923       155.0000            1,959.0000     105,700.0000       201.0000            2,547.0000     137,410.0000       262.0000            3,311.0000     178,633.0000       340.0000            4,304.0000     232,222.9000       442.0000            5,595.0000     301,889.7700       575.0000            7,274.0000     392,456.7010       747.0000            9,456.0000     510,193.7113       971.0000           12,292.0000     663,251.8247     1,263.0000           15,980.0000  0.0791  0.0791
49      81,307.6923     165.0000        2,028.0000     81,307.6923       165.0000            2,028.0000     105,700.0000       215.0000            2,637.0000     137,410.0000       279.0000            3,428.0000     178,633.0000       363.0000            4,456.0000     232,222.9000       472.0000            5,793.0000     301,889.7700       614.0000            7,532.0000     392,456.7010       798.0000            9,791.0000     510,193.7113     1,037.0000           12,729.0000     663,251.8247     1,348.0000           16,547.0000  0.0814  0.0814
50      81,307.6923     177.0000        2,104.0000     81,307.6923       177.0000            2,104.0000     105,700.0000       230.0000            2,736.0000     137,410.0000       299.0000            3,557.0000     178,633.0000       388.0000            4,623.0000     232,222.9000       504.0000            6,011.0000     301,889.7700       656.0000            7,814.0000     392,456.7010       853.0000           10,158.0000     510,193.7113     1,108.0000           13,206.0000     663,251.8247     1,441.0000           17,167.0000  0.0841  0.0841
51      81,307.6923     188.0000        2,182.0000     81,307.6923       188.0000            2,182.0000     105,700.0000       245.0000            2,836.0000     137,410.0000       318.0000            3,687.0000     178,633.0000       413.0000            4,793.0000     232,222.9000       538.0000            6,231.0000     301,889.7700       699.0000            8,100.0000     392,456.7010       908.0000           10,531.0000     510,193.7113     1,181.0000           13,690.0000     663,251.8247     1,535.0000           17,796.0000  0.0862  0.0862
52      81,307.6923     200.0000        2,258.0000     81,307.6923       200.0000            2,258.0000     105,700.0000       260.0000            2,935.0000     137,410.0000       337.0000            3,816.0000     178,633.0000       439.0000            4,960.0000     232,222.9000       570.0000            6,449.0000     301,889.7700       741.0000            8,383.0000     392,456.7010       964.0000           10,898.0000     510,193.7113     1,253.0000           14,168.0000     663,251.8247     1,628.0000           18,418.0000  0.0886  0.0886
53      81,307.6923     212.0000        2,338.0000     81,307.6923       212.0000            2,338.0000     105,700.0000       275.0000            3,039.0000     137,410.0000       358.0000            3,951.0000     178,633.0000       465.0000            5,137.0000     232,222.9000       605.0000            6,678.0000     301,889.7700       786.0000            8,681.0000     392,456.7010     1,022.0000           11,286.0000     510,193.7113     1,328.0000           14,671.0000     663,251.8247     1,727.0000           19,072.0000  0.0907  0.0907
54      81,307.6923     225.0000        2,424.0000     81,307.6923       225.0000            2,424.0000     105,700.0000       292.0000            3,151.0000     137,410.0000       379.0000            4,096.0000     178,633.0000       493.0000            5,325.0000     232,222.9000       641.0000            6,922.0000     301,889.7700       834.0000            8,999.0000     392,456.7010     1,084.0000           11,699.0000     510,193.7113     1,409.0000           15,208.0000     663,251.8247     1,831.0000           19,770.0000  0.0928  0.0928
55      81,307.6923     238.0000        2,512.0000     81,307.6923       238.0000            2,512.0000     105,700.0000       309.0000            3,265.0000     137,410.0000       402.0000            4,245.0000     178,633.0000       522.0000            5,518.0000     232,222.9000       679.0000            7,173.0000     301,889.7700       883.0000            9,326.0000     392,456.7010     1,147.0000           12,123.0000     510,193.7113     1,492.0000           15,760.0000     663,251.8247     1,939.0000           20,488.0000  0.0947  0.0947
56      81,307.6923     250.0000        2,596.0000     81,307.6923       250.0000            2,596.0000     105,700.0000       325.0000            3,374.0000     137,410.0000       423.0000            4,387.0000     178,633.0000       550.0000            5,703.0000     232,222.9000       715.0000            7,413.0000     301,889.7700       929.0000            9,638.0000     392,456.7010     1,208.0000           12,529.0000     510,193.7113     1,571.0000           16,288.0000     663,251.8247     2,042.0000           21,173.0000  0.0963  0.0963
57      81,307.6923     263.0000        2,682.0000     81,307.6923       263.0000            2,682.0000     105,700.0000       342.0000            3,487.0000     137,410.0000       445.0000            4,533.0000     178,633.0000       578.0000            5,892.0000     232,222.9000       752.0000            7,660.0000     301,889.7700       978.0000            9,959.0000     392,456.7010     1,271.0000           12,946.0000     510,193.7113     1,652.0000           16,830.0000     663,251.8247     2,148.0000           21,878.0000  0.0981  0.0981
58      81,307.6923     277.0000        2,776.0000     81,307.6923       277.0000            2,776.0000     105,700.0000       361.0000            3,609.0000     137,410.0000       469.0000            4,692.0000     178,633.0000       609.0000            6,099.0000     232,222.9000       792.0000            7,928.0000     301,889.7700     1,030.0000           10,307.0000     392,456.7010     1,339.0000           13,400.0000     510,193.7113     1,740.0000           17,419.0000     663,251.8247     2,262.0000           22,644.0000  0.0998  0.0998
59      81,307.6923     292.0000        2,875.0000     81,307.6923       292.0000            2,875.0000     105,700.0000       380.0000            3,737.0000     137,410.0000       494.0000            4,859.0000     178,633.0000       642.0000            6,316.0000     232,222.9000       835.0000            8,211.0000     301,889.7700     1,085.0000           10,675.0000     392,456.7010     1,411.0000           13,877.0000     510,193.7113     1,834.0000           18,041.0000     663,251.8247     2,384.0000           23,452.0000  0.1016  0.1016
60      81,307.6923     308.0000        2,979.0000     81,307.6923       308.0000            2,979.0000     105,700.0000       400.0000            3,872.0000     137,410.0000       520.0000            5,034.0000     178,633.0000       676.0000            6,544.0000     232,222.9000       879.0000            8,507.0000     301,889.7700     1,143.0000           11,060.0000     392,456.7010     1,486.0000           14,378.0000     510,193.7113     1,931.0000           18,691.0000     663,251.8247     2,511.0000           24,298.0000  0.1034  0.1034
61      81,307.6923     324.0000        3,086.0000     81,307.6923       324.0000            3,086.0000     105,700.0000       421.0000            4,012.0000     137,410.0000       547.0000            5,215.0000     178,633.0000       712.0000            6,779.0000     232,222.9000       925.0000            8,813.0000     301,889.7700     1,203.0000           11,458.0000     392,456.7010     1,563.0000           14,895.0000     510,193.7113     2,033.0000           19,363.0000     663,251.8247     2,642.0000           25,172.0000  0.1050  0.1050
62      81,307.6923     343.0000        3,192.0000     81,307.6923       343.0000            3,192.0000     105,700.0000       446.0000            4,149.0000     137,410.0000       580.0000            5,394.0000     178,633.0000       754.0000            7,012.0000     232,222.9000       980.0000            9,116.0000     301,889.7700     1,274.0000           11,851.0000     392,456.7010     1,657.0000           15,407.0000     510,193.7113     2,154.0000           20,029.0000     663,251.8247     2,800.0000           26,037.0000  0.1075  0.1075
63      81,307.6923     365.0000        3,300.0000     81,307.6923       365.0000            3,300.0000     105,700.0000       474.0000            4,290.0000     137,410.0000       617.0000            5,577.0000     178,633.0000       802.0000            7,250.0000     232,222.9000     1,042.0000            9,426.0000     301,889.7700     1,355.0000           12,254.0000     392,456.7010     1,761.0000           15,930.0000     510,193.7113     2,290.0000           20,709.0000     663,251.8247     2,976.0000           26,920.0000  0.1106  0.1106
64      81,307.6923     387.0000        3,412.0000     81,307.6923       387.0000            3,412.0000     105,700.0000       503.0000            4,436.0000     137,410.0000       654.0000            5,766.0000     178,633.0000       851.0000            7,496.0000     232,222.9000     1,106.0000            9,745.0000     301,889.7700     1,438.0000           12,669.0000     392,456.7010     1,869.0000           16,469.0000     510,193.7113     2,430.0000           21,410.0000     663,251.8247     3,159.0000           27,832.0000  0.1134  0.1134
65      81,307.6923     409.0000        3,522.0000     81,307.6923       409.0000            3,522.0000     105,700.0000       532.0000            4,579.0000     137,410.0000       692.0000            5,953.0000     178,633.0000       899.0000            7,738.0000     232,222.9000     1,169.0000           10,059.0000     301,889.7700     1,520.0000           13,078.0000     392,456.7010     1,976.0000           17,001.0000     510,193.7113     2,568.0000           22,101.0000     663,251.8247     3,339.0000           28,731.0000  0.1161  0.1161
66      81,307.6923     433.0000        3,642.0000     81,307.6923       433.0000            3,642.0000     105,700.0000       563.0000            4,734.0000     137,410.0000       732.0000            6,155.0000     178,633.0000       952.0000            8,001.0000     232,222.9000     1,237.0000           10,402.0000     301,889.7700     1,609.0000           13,522.0000     392,456.7010     2,091.0000           17,579.0000     510,193.7113     2,719.0000           22,853.0000     663,251.8247     3,534.0000           29,708.0000  0.1189  0.1189
67      81,307.6923     459.0000        3,769.0000     81,307.6923       459.0000            3,769.0000     105,700.0000       596.0000            4,899.0000     137,410.0000       775.0000            6,369.0000     178,633.0000     1,007.0000            8,279.0000     232,222.9000     1,310.0000           10,763.0000     301,889.7700     1,703.0000           13,993.0000     392,456.7010     2,213.0000           18,191.0000     510,193.7113     2,878.0000           23,648.0000     663,251.8247     3,741.0000           30,741.0000  0.1218  0.1218
68      81,307.6923     484.0000        3,893.0000     81,307.6923       484.0000            3,893.0000     105,700.0000       629.0000            5,061.0000     137,410.0000       817.0000            6,580.0000     178,633.0000     1,062.0000            8,554.0000     232,222.9000     1,381.0000           11,120.0000     301,889.7700     1,795.0000           14,456.0000     392,456.7010     2,334.0000           18,793.0000     510,193.7113     3,034.0000           24,431.0000     663,251.8247     3,944.0000           31,760.0000  0.1243  0.1243
69      81,307.6923     509.0000        4,020.0000     81,307.6923       509.0000            4,020.0000     105,700.0000       661.0000            5,226.0000     137,410.0000       860.0000            6,794.0000     178,633.0000     1,118.0000            8,832.0000     232,222.9000     1,453.0000           11,481.0000     301,889.7700     1,889.0000           14,926.0000     392,456.7010     2,456.0000           19,404.0000     510,193.7113     3,193.0000           25,225.0000     663,251.8247     4,151.0000           32,791.0000  0.1266  0.1266
70      81,307.6923     537.0000        4,161.0000     81,307.6923       537.0000            4,161.0000     105,700.0000       698.0000            5,409.0000     137,410.0000       908.0000            7,032.0000     178,633.0000     1,180.0000            9,141.0000     232,222.9000     1,534.0000           11,883.0000     301,889.7700     1,994.0000           15,449.0000     392,456.7010     2,592.0000           20,083.0000     510,193.7113     3,370.0000           26,108.0000     663,251.8247     4,380.0000           33,939.0000  0.1291  0.1291
71      81,307.6923     565.0000        4,302.0000     81,307.6923       565.0000            4,302.0000     105,700.0000       735.0000            5,592.0000     137,410.0000       955.0000            7,270.0000     178,633.0000     1,242.0000            9,451.0000     232,222.9000     1,614.0000           12,286.0000     301,889.7700     2,099.0000           15,972.0000     392,456.7010     2,728.0000           20,764.0000     510,193.7113     3,547.0000           26,993.0000     663,251.8247     4,610.0000           35,089.0000  0.1313  0.1313
72      81,307.6923     594.0000        4,447.0000     81,307.6923       594.0000            4,447.0000     105,700.0000       772.0000            5,781.0000     137,410.0000     1,004.0000            7,515.0000     178,633.0000     1,305.0000            9,769.0000     232,222.9000     1,697.0000           12,700.0000     301,889.7700     2,206.0000           16,510.0000     392,456.7010     2,868.0000           21,463.0000     510,193.7113     3,728.0000           27,902.0000     663,251.8247     4,847.0000           36,272.0000  0.1336  0.1336
73      81,307.6923     624.0000        4,594.0000     81,307.6923       624.0000            4,594.0000     105,700.0000       811.0000            5,972.0000     137,410.0000     1,054.0000            7,764.0000     178,633.0000     1,370.0000           10,093.0000     232,222.9000     1,781.0000           13,121.0000     301,889.7700     2,316.0000           17,058.0000     392,456.7010     3,010.0000           22,175.0000     510,193.7113     3,914.0000           28,828.0000     663,251.8247     5,087.0000           37,475.0000  0.1358  0.1358
74      81,307.6923     655.0000        4,752.0000     81,307.6923       655.0000            4,752.0000     105,700.0000       852.0000            6,178.0000     137,410.0000     1,108.0000            8,032.0000     178,811.6330     1,441.0000           10,452.0000     232,222.9000     1,872.0000           13,574.0000     301,889.7700     2,433.0000           17,646.0000     392,456.7010     3,163.0000           22,940.0000     510,193.7113     4,112.0000           29,822.0000     663,251.8247     5,346.0000           38,767.0000  0.1378  0.1378
75      81,307.6923     690.0000        4,927.0000     81,307.6923       690.0000            4,927.0000     105,700.0000       897.0000            6,405.0000     137,410.0000     1,167.0000            8,327.0000     178,633.0000     1,516.0000           10,825.0000     232,222.9000     1,971.0000           14,071.0000     301,889.7700     2,563.0000           18,294.0000     392,456.7010     3,332.0000           23,782.0000     510,193.7113     4,331.0000           30,916.0000     663,251.8247     5,630.0000           40,190.0000  0.1400  0.1400
76      81,307.6923     726.0000        5,103.0000     81,307.6923       726.0000            5,103.0000     105,700.0000       944.0000            6,633.0000     137,410.0000     1,227.0000            8,624.0000     178,633.0000     1,595.0000           11,211.0000     232,222.9000     2,074.0000           14,574.0000     301,889.7700     2,696.0000           18,946.0000     392,456.7010     3,505.0000           24,630.0000     510,193.7113     4,556.0000           32,019.0000     663,251.8247     5,923.0000           41,623.0000  0.1423  0.1423
77      81,307.6923     768.0000        5,278.0000     81,307.6923       768.0000            5,278.0000     105,700.0000       999.0000            6,861.0000     137,410.0000     1,298.0000            8,920.0000     178,633.0000     1,688.0000           11,595.0000     232,222.9000     2,194.0000           15,074.0000     301,889.7700     2,852.0000           19,596.0000     392,456.7010     3,708.0000           25,475.0000     510,193.7113     4,820.0000           33,118.0000     663,251.8247     6,266.0000           43,052.0000  0.1455  0.1455
78      81,307.6923     816.0000        5,470.0000     81,307.6923       816.0000            5,470.0000     105,700.0000     1,061.0000            7,111.0000     137,410.0000     1,380.0000            9,245.0000     178,633.0000     1,794.0000           12,019.0000     232,222.9000     2,332.0000           15,624.0000     301,889.7700     3,031.0000           20,312.0000     392,456.7010     3,941.0000           26,405.0000     510,193.7113     5,123.0000           34,327.0000     663,251.8247     6,659.0000           44,624.0000  0.1492  0.1492
79      81,307.6923     868.0000        5,677.0000     81,307.6923       868.0000            5,677.0000     105,700.0000     1,128.0000            7,380.0000     137,410.0000     1,467.0000            9,595.0000     178,633.0000     1,907.0000           12,473.0000     232,222.9000     2,479.0000           16,215.0000     301,889.7700     3,223.0000           21,080.0000     392,456.7010     4,190.0000           27,404.0000     510,193.7113     5,447.0000           35,626.0000     663,251.8247     7,081.0000           46,312.0000  0.1529  0.1529
80      81,307.6923     919.0000        5,880.0000     81,307.6923       919.0000            5,880.0000     105,700.0000     1,194.0000            7,644.0000     137,410.0000     1,553.0000            9,937.0000     178,633.0000     2,019.0000           12,919.0000     232,222.9000     2,624.0000           16,793.0000     301,889.7700     3,411.0000           21,832.0000     392,456.7010     4,435.0000           28,382.0000     510,193.7113     5,765.0000           36,897.0000     663,251.8247     7,494.0000           47,964.0000  0.1563  0.1563
81      81,307.6923     976.0000        6,111.0000     81,307.6923       976.0000            6,111.0000     105,700.0000     1,269.0000            7,944.0000     137,410.0000     1,650.0000           10,328.0000     178,633.0000     2,145.0000           13,426.0000     232,222.9000     2,789.0000           17,453.0000     301,889.7700     3,626.0000           22,690.0000     392,456.7010     4,713.0000           29,496.0000     510,193.7113     6,127.0000           38,345.0000     663,251.8247     7,965.0000           49,847.0000  0.1597  0.1597
82      81,307.6923   1,037.0000        6,351.0000     81,307.6923     1,037.0000            6,351.0000     105,700.0000     1,348.0000            8,257.0000     137,410.0000     1,752.0000           10,734.0000     178,633.0000     2,278.0000           13,955.0000     232,222.9000     2,961.0000           18,140.0000     301,889.7700     3,849.0000           23,583.0000     392,456.7010     5,004.0000           30,658.0000     510,193.7113     6,505.0000           39,856.0000     663,251.8247     8,456.0000           51,811.0000  0.1633  0.1633
83      81,307.6923   1,103.0000        6,616.0000     81,307.6923     1,103.0000            6,616.0000     105,700.0000     1,433.0000            8,600.0000     137,410.0000     1,864.0000           11,181.0000     178,633.0000     2,423.0000           14,535.0000     232,222.9000     3,149.0000           18,895.0000     301,889.7700     4,094.0000           24,564.0000     392,456.7010     5,323.0000           31,934.0000     510,193.7113     6,919.0000           41,514.0000     663,251.8247     8,995.0000           53,966.0000  0.1667  0.1667
84      81,307.6923   1,172.0000        6,891.0000     81,307.6923     1,172.0000            6,891.0000     105,700.0000     1,523.0000            8,959.0000     137,410.0000     1,980.0000           11,647.0000     178,633.0000     2,574.0000           15,141.0000     232,222.9000     3,346.0000           19,682.0000     301,889.7700     4,350.0000           25,588.0000     392,456.7010     5,655.0000           33,264.0000     510,193.7113     7,352.0000           43,244.0000     663,251.8247     9,557.0000           56,214.0000  0.1701  0.1701
85      81,307.6923   1,243.0000        7,178.0000     81,307.6923     1,243.0000            7,178.0000     105,700.0000     1,616.0000            9,331.0000     137,410.0000     2,101.0000           12,131.0000     178,633.0000     2,732.0000           15,771.0000     232,222.9000     3,551.0000           20,501.0000     301,889.7700     4,616.0000           26,653.0000     392,456.7010     6,001.0000           34,648.0000     510,193.7113     7,802.0000           45,043.0000     663,251.8247    10,141.0000           58,553.0000  0.1732  0.1732
86      81,307.6923   1,330.0000        7,522.0000     81,307.6923     1,330.0000            7,522.0000     105,700.0000     1,729.0000            9,778.0000     137,410.0000     2,247.0000           12,712.0000     178,633.0000     2,922.0000           16,526.0000     232,222.9000     3,798.0000           21,483.0000     301,889.7700     4,937.0000           27,929.0000     392,456.7010     6,419.0000           36,308.0000     510,193.7113     8,344.0000           47,200.0000     663,251.8247    10,847.0000           61,357.0000  0.1768  0.1768
87      81,307.6923   1,433.0000        7,882.0000     81,307.6923     1,433.0000            7,882.0000     105,700.0000     1,863.0000           10,247.0000     137,410.0000     2,422.0000           13,321.0000     178,633.0000     3,148.0000           17,318.0000     232,222.9000     4,092.0000           22,512.0000     301,889.7700     5,320.0000           29,267.0000     392,456.7010     6,917.0000           38,047.0000     510,193.7113     8,992.0000           49,461.0000     663,251.8247    11,688.0000           64,297.0000  0.1818  0.1818
88      81,307.6923   1,550.0000        8,271.0000     81,307.6923     1,550.0000            8,271.0000     105,700.0000     2,014.0000           10,753.0000     137,410.0000     2,619.0000           13,979.0000     178,633.0000     3,405.0000           18,173.0000     232,222.9000     4,426.0000           23,624.0000     301,889.7700     5,754.0000           30,712.0000     392,456.7010     7,480.0000           39,926.0000     510,193.7113     9,724.0000           51,904.0000     663,251.8247    12,641.0000           67,471.0000  0.1874  0.1874
89      81,307.6923   1,687.0000        8,728.0000     81,307.6923     1,687.0000            8,728.0000     105,700.0000     2,193.0000           11,346.0000     137,410.0000     2,851.0000           14,751.0000     178,633.0000     3,706.0000           19,176.0000     232,222.9000     4,817.0000           24,928.0000     301,889.7700     6,263.0000           32,408.0000     392,456.7010     8,142.0000           42,130.0000     510,193.7113    10,584.0000           54,770.0000     663,251.8247    13,758.0000           71,197.0000  0.1933  0.1933
90      81,307.6923   1,841.0000        9,244.0000     81,307.6923     1,841.0000            9,244.0000     105,700.0000     2,394.0000           12,017.0000     137,410.0000     3,112.0000           15,623.0000     178,633.0000     4,046.0000           20,310.0000     232,222.9000     5,259.0000           26,401.0000     301,889.7700     6,837.0000           34,323.0000     392,456.7010     8,889.0000           44,620.0000     510,193.7113    11,555.0000           58,006.0000     663,251.8247    15,020.0000           75,404.0000  0.1992  0.1992
91      81,307.6923   2,027.0000        9,863.0000     81,307.6923     2,027.0000            9,863.0000     105,700.0000     2,635.0000           12,822.0000     137,410.0000     3,426.0000           16,670.0000     178,633.0000     4,454.0000           21,671.0000     232,222.9000     5,790.0000           28,170.0000     301,889.7700     7,527.0000           36,624.0000     392,456.7010     9,786.0000           47,611.0000     510,193.7113    12,721.0000           61,894.0000     663,251.8247    16,536.0000           80,457.0000  0.2055  0.2055
92      81,307.6923   2,255.0000       10,607.0000     81,307.6923     2,255.0000           10,607.0000     105,700.0000     2,931.0000           13,789.0000     137,410.0000     3,811.0000           17,927.0000     178,633.0000     4,954.0000           23,305.0000     232,222.9000     6,439.0000           30,294.0000     301,889.7700     8,372.0000           39,385.0000     392,456.7010    10,884.0000           51,201.0000     510,193.7113    14,149.0000           66,561.0000     663,251.8247    18,391.0000           86,523.0000  0.2126  0.2126
93      81,307.6923   2,545.0000       11,454.0000     81,307.6923     2,545.0000           11,454.0000     105,700.0000     3,309.0000           14,891.0000     137,410.0000     4,302.0000           19,359.0000     178,633.0000     5,593.0000           25,167.0000     232,222.9000     7,270.0000           32,715.0000     301,889.7700     9,452.0000           42,533.0000     392,456.7010    12,288.0000           55,292.0000     510,193.7113    15,975.0000           71,880.0000     663,251.8247    20,764.0000           93,437.0000  0.2222  0.2222
94      81,307.6923   2,895.0000       12,454.0000     81,307.6923     2,895.0000           12,454.0000     105,700.0000     3,764.0000           16,190.0000     137,410.0000     4,894.0000           21,048.0000     178,633.0000     6,362.0000           27,363.0000     232,222.9000     8,269.0000           35,568.0000     301,889.7700    10,751.0000           46,243.0000     392,456.7010    13,976.0000           60,116.0000     510,193.7113    18,169.0000           78,151.0000     663,251.8247    23,617.0000          101,587.0000  0.2325  0.2325
95      81,307.6923   3,376.0000       13,828.0000     81,307.6923     3,376.0000           13,828.0000     105,700.0000     4,389.0000           17,976.0000     137,410.0000     5,707.0000           23,372.0000     178,633.0000     7,419.0000           30,383.0000     232,222.9000     9,643.0000           39,494.0000     301,889.7700    12,538.0000           51,348.0000     392,456.7010    16,299.0000           66,753.0000     510,193.7113    21,189.0000           86,778.0000     663,251.8247    27,541.0000          112,799.0000  0.2441  0.2441
96      81,307.6923   4,074.0000       15,823.0000     81,307.6923     4,074.0000           15,823.0000     105,700.0000     5,297.0000           20,569.0000     137,410.0000     6,887.0000           26,744.0000     178,633.0000     8,953.0000           34,768.0000     232,222.9000    11,637.0000           45,191.0000     301,889.7700    15,131.0000           58,757.0000     392,456.7010    19,670.0000           76,384.0000     510,193.7113    25,571.0000           99,300.0000     663,251.8247    33,236.0000          129,070.0000  0.2575  0.2575
97      81,307.6923   5,184.0000       18,993.0000     81,307.6923     5,184.0000           18,993.0000     105,700.0000     6,739.0000           24,691.0000     137,410.0000     8,764.0000           32,106.0000     178,633.0000    11,393.0000           41,738.0000     232,222.9000    14,806.0000           54,247.0000     301,889.7700    19,254.0000           70,537.0000     392,456.7010    25,030.0000           91,698.0000     510,193.7113    32,539.0000          119,207.0000     663,251.8247    42,288.0000          154,934.0000  0.2729  0.2729
98      81,307.6923   7,697.0000       26,174.0000     81,307.6923     7,697.0000           26,174.0000     105,700.0000    10,007.0000           34,026.0000     137,410.0000    13,016.0000           44,255.0000     178,633.0000    16,920.0000           57,531.0000     232,222.9000    21,984.0000           74,755.0000     301,889.7700    28,596.0000           97,228.0000     392,456.7010    37,174.0000          126,396.0000     510,193.7113    48,327.0000          164,315.0000     663,251.8247    62,790.0000          213,509.0000  0.2941  0.2941
99      81,389.0000  25,114.0000       75,941.0000     81,389.0000    25,114.0000           75,941.0000     105,805.7000    32,649.0000           98,724.0000     137,410.0000    42,426.0000          128,284.0000     178,633.0000    55,154.0000          166,769.0000     232,455.1229    71,729.0000          216,896.0000     301,889.7700    93,210.0000          281,839.0000     392,456.7010   121,173.0000          366,391.0000     510,193.7113   157,525.0000          476,309.0000     663,915.0765   204,866.0000          619,476.0000  0.3307  0.3307
ALL  8,130,769.2310  84,718.0000      427,344.0000  8,130,769.2310    84,718.0000          427,344.0000  10,570,000.0000   110,133.0000          555,547.0000  13,741,000.0000   143,173.0000          722,211.0000  17,863,300.0000   186,125.0000          938,875.0000  23,222,290.0000   241,963.0000        1,220,537.0000  30,188,977.0000   314,552.0000        1,586,698.0000  39,245,670.1000   408,917.0000        2,062,707.0000  51,019,371.1300   531,592.0000        2,681,520.0000  66,325,182.4700   691,070.0000        3,485,976.0000  0.1982  0.1982

