            weight_2022 pitax_2022 gross_income_2022 weight_ref_2022 pitax_ref_2022 gross_income_ref_2022 weight_ref_2023 pitax_ref_2023 gross_income_ref_2023 weight_ref_2024 pitax_ref_2024 gross_income_ref_2024 weight_ref_2025 pitax_ref_2025 gross_income_ref_2025 weight_ref_2026 pitax_ref_2026 gross_income_ref_2026 weight_ref_2027 pitax_ref_2027 gross_income_ref_2027  weight_ref_2028 pitax_ref_2028 gross_income_ref_2028  weight_ref_2029 pitax_ref_2029 gross_income_ref_2029  weight_ref_2030 pitax_ref_2030 gross_income_ref_2030
<0                  0.0          0                 0             0.0              0                     0             0.0              0                     0             0.0              0                     0             0.0              0                     0             0.0              0                     0             0.0              0                     0              0.0              0                     0              0.0              0                     0              0.0              0                     0
=0                  0.0          0                 0             0.0              0                     0             0.0              0                     0             0.0              0                     0             0.0              0                     0             0.0              0                     0             0.0              0                     0              0.0              0                     0              0.0              0                     0              0.0              0                     0
0-0.5 m  8068568.846383     62,308           360,118  8068568.846383         62,308               360,118      10489139.5         81,001               468,153     13635881.35        105,301               608,599    17726645.755        136,891               791,178   23044639.4815        177,959             1,028,532  29958031.32595        231,346             1,337,091  38945440.723735        300,750             1,738,219  50629072.940856        390,975             2,259,685  65817794.824104        508,268             2,937,590
0.5-1m     42767.846155      9,690            29,885    42767.846155          9,690                29,885         55598.2         12,597                38,851        72277.66         16,376                50,506       93960.958         21,289                65,658     122149.2454         27,676                85,355    158794.01902         35,978               110,962    206432.224726         46,772               144,250    268361.892144         60,803               187,526    348870.459792         79,044               243,783
1-1.5m     11301.769231      4,584            13,679    11301.769231          4,584                13,679         14692.3          5,960                17,783        19099.99          7,748                23,118       24829.987         10,072                30,053      32278.9831         13,093                39,070     41962.67803         17,021                50,790     54551.481439         22,128                66,028     70916.925871         28,766                85,836     92192.003633         37,396               111,587
1.5-2m      3658.846154      2,127             6,265     3658.846154          2,127                 6,265          4756.5          2,765                 8,145         6183.45          3,595                10,588        8038.485          4,673                13,765      10450.0305          6,075                17,894     13585.03965          7,897                23,262     17660.551545         10,266                30,241     22958.717008         13,346                39,313     29846.332112         17,350                51,107
2-3m        1788.769231      1,500             4,377     1788.769231          1,500                 4,377          2325.4          1,950                 5,690         3023.02          2,535                 7,397        3929.926          3,295                 9,617       5108.9038          4,284                12,502      6641.57494          5,569                16,252      8634.047422          7,239                21,128     11224.261649          9,411                27,466     14591.540143         12,234                35,706
3-4m         975.692308      1,163             3,374      975.692308          1,163                 3,374          1268.4          1,512                 4,386         1648.92          1,966                 5,702        2143.596          2,556                 7,413       2786.6748          3,323                 9,636      3622.67724          4,319                12,527      4709.480412          5,615                16,285      6122.324536          7,300                21,171      7959.021896          9,490                27,522
4-5m         569.153846        873             2,525      569.153846            873                 2,525           739.9          1,136                 3,282          961.87          1,476                 4,267        1250.431          1,919                 5,547       1625.5603          2,495                 7,211      2113.22839          3,243                 9,375      2747.196907          4,216                12,187      3571.355979          5,481                15,843      4642.762773          7,125                20,596
5-10m       1138.307692      2,472             7,121     1138.307692          2,472                 7,121          1479.8          3,213                 9,257         1923.74          4,177                12,034        2500.862          5,430                15,644       3251.1206          7,059                20,337      4226.45678          9,177                26,438      5494.393814         11,930                34,370      7142.711958         15,510                44,680      9285.525546         20,162                58,085
>10m                0.0          0                 0             0.0              0                     0             0.0              0                     0             0.0              0                     0             0.0              0                     0             0.0              0                     0             0.0              0                     0              0.0              0                     0              0.0              0                     0              0.0              0                     0
ALL         8130769.231     84,718           427,344     8130769.231         84,718               427,344      10570000.0        110,133               555,547      13741000.0        143,173               722,211      17863300.0        186,125               938,875      23222290.0        241,963             1,220,537      30188977.0        314,552             1,586,698       39245670.1        408,917             2,062,707      51019371.13        531,592             2,681,520      66325182.47        691,070             3,485,976

